{
 "cells": [
  {
   "cell_type": "markdown",
   "metadata": {},
   "source": [
    "# Linear Discriminan Analysis\n",
    "https://sebastianraschka.com/Articles/2014_python_lda.html"
   ]
  },
  {
   "cell_type": "markdown",
   "metadata": {},
   "source": [
    "## Definição das funções"
   ]
  },
  {
   "cell_type": "code",
   "execution_count": 1,
   "metadata": {
    "ExecuteTime": {
     "end_time": "2020-10-22T04:41:51.227543Z",
     "start_time": "2020-10-22T04:41:51.218568Z"
    }
   },
   "outputs": [],
   "source": [
    "def transposta(X):\n",
    "    \"\"\"Retorna a transposta da matriz de entrada\"\"\"\n",
    "    return [[X[j][i] for j in range(len(X))] for i in range(len(X[0]))] "
   ]
  },
  {
   "cell_type": "code",
   "execution_count": 2,
   "metadata": {
    "ExecuteTime": {
     "end_time": "2020-10-22T04:41:51.259458Z",
     "start_time": "2020-10-22T04:41:51.230536Z"
    }
   },
   "outputs": [],
   "source": [
    "#Cálculo da inversa:\n",
    "\n",
    "def Determinante(matriz):\n",
    "    \"\"\"Cálculo do determinante da matriz inserida\"\"\"\n",
    "    #Determinante da matriz 2x2\n",
    "    if len(matriz) == 2:\n",
    "        return (matriz[0][0]*matriz[1][1])-(matriz[0][1]*matriz[1][0])\n",
    "\n",
    "    determinant = 0\n",
    "    for c in range(len(matriz)):\n",
    "        determinant = determinant + ((-1)**c)*matriz[0][c]*Determinante([row[:c] + row[c+1:] for \n",
    "                                                                         row in (matriz[:0]+matriz[0+1:])])\n",
    "    return determinant\n",
    "\n",
    "def matriz_inversa(m):\n",
    "    \"\"\"Cálculo da matriz inversa através do método dos cofatores.\"\"\"\n",
    "    determinant = Determinante(m)\n",
    "    \n",
    "    #Fórmula para cáculo da matriz 2x2:\n",
    "    if len(m) == 2:\n",
    "        a = m[0][0]\n",
    "        b = m[0][1]\n",
    "        c = m[1][0]\n",
    "        d = m[1][1]\n",
    "\n",
    "        inverse= [d, -b, -c, a]\n",
    "        calc_inverse=[]\n",
    "        for i in inverse:\n",
    "            x = (1/(a*d-b*c)) * i\n",
    "            calc_inverse.append(x)\n",
    "        col = 2 \n",
    "        inverse_matrix = [calc_inverse[i:i+col] for i in range(0, len(calc_inverse), col)]\n",
    "        return inverse_matrix\n",
    "    \n",
    "    else:\n",
    "    #Para os demais tamanho, matriz de cofatores:\n",
    "        cofactors = []\n",
    "        for r in range(len(m)):\n",
    "            cofactorRow = []\n",
    "            for c in range(len(m)):\n",
    "                minor = [row[:c] + row[c+1:] for row in (m[:r]+m[r+1:])]\n",
    "                cofactorRow.append(((-1)**(r+c)) * Determinante(minor))\n",
    "            cofactors.append(cofactorRow)\n",
    "        cofactors = transposta(cofactors)\n",
    "        for r in range(len(cofactors)):\n",
    "            for c in range(len(cofactors)):\n",
    "                cofactors[r][c] = cofactors[r][c]/determinant\n",
    "        return cofactors\n",
    "\n",
    "#Obs: Para construir a matriz de cofatores, consultei o site: \n",
    "#https://stackoverflow.com/questions/32114054/matrix-inversion-without-numpy"
   ]
  },
  {
   "cell_type": "code",
   "execution_count": 3,
   "metadata": {
    "ExecuteTime": {
     "end_time": "2020-10-22T04:41:51.275415Z",
     "start_time": "2020-10-22T04:41:51.261455Z"
    }
   },
   "outputs": [],
   "source": [
    "def multiply_matrix_matrix(mult1,mult2):\n",
    "    \"\"\"Retorna o produto escalar de duas matrizes\"\"\"\n",
    "    x = []\n",
    "    for i in range(0,len(mult1)):\n",
    "        y=[]\n",
    "        for j in range(0,len(mult2[0])):\n",
    "            total = 0\n",
    "            for k in range(0,len(mult1[0])):\n",
    "                total = total + mult1[i][k]*mult2[k][j]\n",
    "            y.append(total)\n",
    "        x.append(y)\n",
    "\n",
    "    return x"
   ]
  },
  {
   "cell_type": "markdown",
   "metadata": {},
   "source": [
    "## Exercício 1\n",
    "- Implementa o LDA e o use para a classificação dos dados de Iris de Fisher.<br>\n",
    "- Use funções prontas para os autovalores e autovetores.\n",
    "\n",
    "**Fisher Iris Dataset:**<br>\n",
    "The Iris flower data set or Fisher's Iris data set is a multivariate data set introduced by Sir Ronald Aylmer Fisher (1936) as an example of discriminant analysis. Quantify the geographic variation of Iris flowers in the Gaspé Peninsula\n",
    "The output is qualitative (species of Iris) finite set G = {Virginica, Setosa and Versicolor}.\n",
    "\n",
    "- Quantity of dimensions: 4\n",
    "- Quantity of classes: 3\n",
    "- Quantity of samples: 150"
   ]
  },
  {
   "cell_type": "code",
   "execution_count": 4,
   "metadata": {
    "ExecuteTime": {
     "end_time": "2020-10-22T04:41:52.946947Z",
     "start_time": "2020-10-22T04:41:51.278409Z"
    }
   },
   "outputs": [],
   "source": [
    "#Load the dataset\n",
    "from sklearn.datasets import load_iris\n",
    "iris = load_iris()\n",
    "X = iris['data']\n",
    "y = iris.target\n",
    "target_names = iris.target_names"
   ]
  },
  {
   "cell_type": "code",
   "execution_count": 5,
   "metadata": {
    "ExecuteTime": {
     "end_time": "2020-10-22T04:41:52.978864Z",
     "start_time": "2020-10-22T04:41:52.949941Z"
    }
   },
   "outputs": [
    {
     "data": {
      "text/plain": [
       "array([[ 0, 50],\n",
       "       [ 1, 50],\n",
       "       [ 2, 50]], dtype=int64)"
      ]
     },
     "execution_count": 5,
     "metadata": {},
     "output_type": "execute_result"
    }
   ],
   "source": [
    "#Count the quantity of sample of each class\n",
    "import numpy as np\n",
    "unique, counts = np.unique(y, return_counts=True)\n",
    "\n",
    "classe = np.asarray((unique, counts)).T\n",
    "classe"
   ]
  },
  {
   "cell_type": "code",
   "execution_count": 6,
   "metadata": {
    "ExecuteTime": {
     "end_time": "2020-10-22T04:41:53.105526Z",
     "start_time": "2020-10-22T04:41:52.980858Z"
    }
   },
   "outputs": [
    {
     "data": {
      "text/plain": [
       "[array([5.1, 3.5, 1.4, 0.2]),\n",
       " array([4.9, 3. , 1.4, 0.2]),\n",
       " array([4.7, 3.2, 1.3, 0.2]),\n",
       " array([4.6, 3.1, 1.5, 0.2]),\n",
       " array([5. , 3.6, 1.4, 0.2]),\n",
       " array([5.4, 3.9, 1.7, 0.4]),\n",
       " array([4.6, 3.4, 1.4, 0.3]),\n",
       " array([5. , 3.4, 1.5, 0.2]),\n",
       " array([4.4, 2.9, 1.4, 0.2]),\n",
       " array([4.9, 3.1, 1.5, 0.1]),\n",
       " array([5.4, 3.7, 1.5, 0.2]),\n",
       " array([4.8, 3.4, 1.6, 0.2]),\n",
       " array([4.8, 3. , 1.4, 0.1]),\n",
       " array([4.3, 3. , 1.1, 0.1]),\n",
       " array([5.8, 4. , 1.2, 0.2]),\n",
       " array([5.7, 4.4, 1.5, 0.4]),\n",
       " array([5.4, 3.9, 1.3, 0.4]),\n",
       " array([5.1, 3.5, 1.4, 0.3]),\n",
       " array([5.7, 3.8, 1.7, 0.3]),\n",
       " array([5.1, 3.8, 1.5, 0.3]),\n",
       " array([5.4, 3.4, 1.7, 0.2]),\n",
       " array([5.1, 3.7, 1.5, 0.4]),\n",
       " array([4.6, 3.6, 1. , 0.2]),\n",
       " array([5.1, 3.3, 1.7, 0.5]),\n",
       " array([4.8, 3.4, 1.9, 0.2]),\n",
       " array([5. , 3. , 1.6, 0.2]),\n",
       " array([5. , 3.4, 1.6, 0.4]),\n",
       " array([5.2, 3.5, 1.5, 0.2]),\n",
       " array([5.2, 3.4, 1.4, 0.2]),\n",
       " array([4.7, 3.2, 1.6, 0.2]),\n",
       " array([4.8, 3.1, 1.6, 0.2]),\n",
       " array([5.4, 3.4, 1.5, 0.4]),\n",
       " array([5.2, 4.1, 1.5, 0.1]),\n",
       " array([5.5, 4.2, 1.4, 0.2]),\n",
       " array([4.9, 3.1, 1.5, 0.2]),\n",
       " array([5. , 3.2, 1.2, 0.2]),\n",
       " array([5.5, 3.5, 1.3, 0.2]),\n",
       " array([4.9, 3.6, 1.4, 0.1]),\n",
       " array([4.4, 3. , 1.3, 0.2]),\n",
       " array([5.1, 3.4, 1.5, 0.2]),\n",
       " array([5. , 3.5, 1.3, 0.3]),\n",
       " array([4.5, 2.3, 1.3, 0.3]),\n",
       " array([4.4, 3.2, 1.3, 0.2]),\n",
       " array([5. , 3.5, 1.6, 0.6]),\n",
       " array([5.1, 3.8, 1.9, 0.4]),\n",
       " array([4.8, 3. , 1.4, 0.3]),\n",
       " array([5.1, 3.8, 1.6, 0.2]),\n",
       " array([4.6, 3.2, 1.4, 0.2]),\n",
       " array([5.3, 3.7, 1.5, 0.2]),\n",
       " array([5. , 3.3, 1.4, 0.2])]"
      ]
     },
     "execution_count": 6,
     "metadata": {},
     "output_type": "execute_result"
    }
   ],
   "source": [
    "#Separate setosa samples\n",
    "setosa = []\n",
    "for i in range(classe[0][1]):\n",
    "   setosa.append(X[i])\n",
    "setosa"
   ]
  },
  {
   "cell_type": "code",
   "execution_count": 7,
   "metadata": {
    "ExecuteTime": {
     "end_time": "2020-10-22T04:41:53.137437Z",
     "start_time": "2020-10-22T04:41:53.109513Z"
    }
   },
   "outputs": [
    {
     "data": {
      "text/plain": [
       "[array([7. , 3.2, 4.7, 1.4]),\n",
       " array([6.4, 3.2, 4.5, 1.5]),\n",
       " array([6.9, 3.1, 4.9, 1.5]),\n",
       " array([5.5, 2.3, 4. , 1.3]),\n",
       " array([6.5, 2.8, 4.6, 1.5]),\n",
       " array([5.7, 2.8, 4.5, 1.3]),\n",
       " array([6.3, 3.3, 4.7, 1.6]),\n",
       " array([4.9, 2.4, 3.3, 1. ]),\n",
       " array([6.6, 2.9, 4.6, 1.3]),\n",
       " array([5.2, 2.7, 3.9, 1.4]),\n",
       " array([5. , 2. , 3.5, 1. ]),\n",
       " array([5.9, 3. , 4.2, 1.5]),\n",
       " array([6. , 2.2, 4. , 1. ]),\n",
       " array([6.1, 2.9, 4.7, 1.4]),\n",
       " array([5.6, 2.9, 3.6, 1.3]),\n",
       " array([6.7, 3.1, 4.4, 1.4]),\n",
       " array([5.6, 3. , 4.5, 1.5]),\n",
       " array([5.8, 2.7, 4.1, 1. ]),\n",
       " array([6.2, 2.2, 4.5, 1.5]),\n",
       " array([5.6, 2.5, 3.9, 1.1]),\n",
       " array([5.9, 3.2, 4.8, 1.8]),\n",
       " array([6.1, 2.8, 4. , 1.3]),\n",
       " array([6.3, 2.5, 4.9, 1.5]),\n",
       " array([6.1, 2.8, 4.7, 1.2]),\n",
       " array([6.4, 2.9, 4.3, 1.3]),\n",
       " array([6.6, 3. , 4.4, 1.4]),\n",
       " array([6.8, 2.8, 4.8, 1.4]),\n",
       " array([6.7, 3. , 5. , 1.7]),\n",
       " array([6. , 2.9, 4.5, 1.5]),\n",
       " array([5.7, 2.6, 3.5, 1. ]),\n",
       " array([5.5, 2.4, 3.8, 1.1]),\n",
       " array([5.5, 2.4, 3.7, 1. ]),\n",
       " array([5.8, 2.7, 3.9, 1.2]),\n",
       " array([6. , 2.7, 5.1, 1.6]),\n",
       " array([5.4, 3. , 4.5, 1.5]),\n",
       " array([6. , 3.4, 4.5, 1.6]),\n",
       " array([6.7, 3.1, 4.7, 1.5]),\n",
       " array([6.3, 2.3, 4.4, 1.3]),\n",
       " array([5.6, 3. , 4.1, 1.3]),\n",
       " array([5.5, 2.5, 4. , 1.3]),\n",
       " array([5.5, 2.6, 4.4, 1.2]),\n",
       " array([6.1, 3. , 4.6, 1.4]),\n",
       " array([5.8, 2.6, 4. , 1.2]),\n",
       " array([5. , 2.3, 3.3, 1. ]),\n",
       " array([5.6, 2.7, 4.2, 1.3]),\n",
       " array([5.7, 3. , 4.2, 1.2]),\n",
       " array([5.7, 2.9, 4.2, 1.3]),\n",
       " array([6.2, 2.9, 4.3, 1.3]),\n",
       " array([5.1, 2.5, 3. , 1.1]),\n",
       " array([5.7, 2.8, 4.1, 1.3])]"
      ]
     },
     "execution_count": 7,
     "metadata": {},
     "output_type": "execute_result"
    }
   ],
   "source": [
    "#Separate versicolor samples\n",
    "versicolor = []\n",
    "for i in range(50,50+classe[1][1]):\n",
    "   versicolor.append(X[i])\n",
    "versicolor"
   ]
  },
  {
   "cell_type": "code",
   "execution_count": 8,
   "metadata": {
    "ExecuteTime": {
     "end_time": "2020-10-22T04:41:53.169353Z",
     "start_time": "2020-10-22T04:41:53.140431Z"
    }
   },
   "outputs": [
    {
     "data": {
      "text/plain": [
       "[array([6.3, 3.3, 6. , 2.5]),\n",
       " array([5.8, 2.7, 5.1, 1.9]),\n",
       " array([7.1, 3. , 5.9, 2.1]),\n",
       " array([6.3, 2.9, 5.6, 1.8]),\n",
       " array([6.5, 3. , 5.8, 2.2]),\n",
       " array([7.6, 3. , 6.6, 2.1]),\n",
       " array([4.9, 2.5, 4.5, 1.7]),\n",
       " array([7.3, 2.9, 6.3, 1.8]),\n",
       " array([6.7, 2.5, 5.8, 1.8]),\n",
       " array([7.2, 3.6, 6.1, 2.5]),\n",
       " array([6.5, 3.2, 5.1, 2. ]),\n",
       " array([6.4, 2.7, 5.3, 1.9]),\n",
       " array([6.8, 3. , 5.5, 2.1]),\n",
       " array([5.7, 2.5, 5. , 2. ]),\n",
       " array([5.8, 2.8, 5.1, 2.4]),\n",
       " array([6.4, 3.2, 5.3, 2.3]),\n",
       " array([6.5, 3. , 5.5, 1.8]),\n",
       " array([7.7, 3.8, 6.7, 2.2]),\n",
       " array([7.7, 2.6, 6.9, 2.3]),\n",
       " array([6. , 2.2, 5. , 1.5]),\n",
       " array([6.9, 3.2, 5.7, 2.3]),\n",
       " array([5.6, 2.8, 4.9, 2. ]),\n",
       " array([7.7, 2.8, 6.7, 2. ]),\n",
       " array([6.3, 2.7, 4.9, 1.8]),\n",
       " array([6.7, 3.3, 5.7, 2.1]),\n",
       " array([7.2, 3.2, 6. , 1.8]),\n",
       " array([6.2, 2.8, 4.8, 1.8]),\n",
       " array([6.1, 3. , 4.9, 1.8]),\n",
       " array([6.4, 2.8, 5.6, 2.1]),\n",
       " array([7.2, 3. , 5.8, 1.6]),\n",
       " array([7.4, 2.8, 6.1, 1.9]),\n",
       " array([7.9, 3.8, 6.4, 2. ]),\n",
       " array([6.4, 2.8, 5.6, 2.2]),\n",
       " array([6.3, 2.8, 5.1, 1.5]),\n",
       " array([6.1, 2.6, 5.6, 1.4]),\n",
       " array([7.7, 3. , 6.1, 2.3]),\n",
       " array([6.3, 3.4, 5.6, 2.4]),\n",
       " array([6.4, 3.1, 5.5, 1.8]),\n",
       " array([6. , 3. , 4.8, 1.8]),\n",
       " array([6.9, 3.1, 5.4, 2.1]),\n",
       " array([6.7, 3.1, 5.6, 2.4]),\n",
       " array([6.9, 3.1, 5.1, 2.3]),\n",
       " array([5.8, 2.7, 5.1, 1.9]),\n",
       " array([6.8, 3.2, 5.9, 2.3]),\n",
       " array([6.7, 3.3, 5.7, 2.5]),\n",
       " array([6.7, 3. , 5.2, 2.3]),\n",
       " array([6.3, 2.5, 5. , 1.9]),\n",
       " array([6.5, 3. , 5.2, 2. ]),\n",
       " array([6.2, 3.4, 5.4, 2.3]),\n",
       " array([5.9, 3. , 5.1, 1.8])]"
      ]
     },
     "execution_count": 8,
     "metadata": {},
     "output_type": "execute_result"
    }
   ],
   "source": [
    "#Separate virginica samples\n",
    "virginica = []\n",
    "for i in range(100,100+classe[2][1]):\n",
    "   virginica.append(X[i])\n",
    "virginica"
   ]
  },
  {
   "cell_type": "markdown",
   "metadata": {},
   "source": [
    "### Mean"
   ]
  },
  {
   "cell_type": "code",
   "execution_count": 9,
   "metadata": {
    "ExecuteTime": {
     "end_time": "2020-10-22T04:41:53.184313Z",
     "start_time": "2020-10-22T04:41:53.172346Z"
    }
   },
   "outputs": [],
   "source": [
    "#Cálculo da média:\n",
    "def calculo_mean(x):\n",
    "    soma=[]\n",
    "    soma_i = 0\n",
    "    for i in range(len(x)):\n",
    "        soma_i= soma_i + x[i]\n",
    "        media = (soma_i)/len(x)\n",
    "    return media"
   ]
  },
  {
   "cell_type": "markdown",
   "metadata": {},
   "source": [
    "#### Setosa Mean"
   ]
  },
  {
   "cell_type": "code",
   "execution_count": 10,
   "metadata": {
    "ExecuteTime": {
     "end_time": "2020-10-22T04:41:53.214234Z",
     "start_time": "2020-10-22T04:41:53.188303Z"
    }
   },
   "outputs": [
    {
     "data": {
      "text/plain": [
       "[[5.005999999999999],\n",
       " [3.428000000000001],\n",
       " [1.4620000000000002],\n",
       " [0.2459999999999999]]"
      ]
     },
     "execution_count": 10,
     "metadata": {},
     "output_type": "execute_result"
    }
   ],
   "source": [
    "mean_setosa = calculo_mean(setosa)\n",
    "mean_setosa_lista=[]\n",
    "for i in mean_setosa:\n",
    "    mean_setosa_lista.append([i])\n",
    "mean_setosa_lista"
   ]
  },
  {
   "cell_type": "markdown",
   "metadata": {},
   "source": [
    "#### Versicolor Mean"
   ]
  },
  {
   "cell_type": "code",
   "execution_count": 11,
   "metadata": {
    "ExecuteTime": {
     "end_time": "2020-10-22T04:41:53.230191Z",
     "start_time": "2020-10-22T04:41:53.218223Z"
    }
   },
   "outputs": [
    {
     "data": {
      "text/plain": [
       "[[5.936], [2.7700000000000005], [4.26], [1.3259999999999998]]"
      ]
     },
     "execution_count": 11,
     "metadata": {},
     "output_type": "execute_result"
    }
   ],
   "source": [
    "mean_versicolor = calculo_mean(versicolor)\n",
    "mean_versicolor\n",
    "mean_versicolor_lista=[]\n",
    "for i in mean_versicolor:\n",
    "    mean_versicolor_lista.append([i])\n",
    "mean_versicolor_lista"
   ]
  },
  {
   "cell_type": "markdown",
   "metadata": {},
   "source": [
    "#### Virginica Mean"
   ]
  },
  {
   "cell_type": "code",
   "execution_count": 12,
   "metadata": {
    "ExecuteTime": {
     "end_time": "2020-10-22T04:41:53.246148Z",
     "start_time": "2020-10-22T04:41:53.234181Z"
    }
   },
   "outputs": [
    {
     "data": {
      "text/plain": [
       "[[6.587999999999998], [2.9739999999999998], [5.552], [2.026]]"
      ]
     },
     "execution_count": 12,
     "metadata": {},
     "output_type": "execute_result"
    }
   ],
   "source": [
    "mean_virginica = calculo_mean(virginica)\n",
    "mean_virginica \n",
    "\n",
    "mean_virginica_lista=[]\n",
    "for i in mean_virginica:\n",
    "    mean_virginica_lista.append([i])\n",
    "mean_virginica_lista"
   ]
  },
  {
   "cell_type": "markdown",
   "metadata": {},
   "source": [
    "### Matriz de covariância "
   ]
  },
  {
   "cell_type": "markdown",
   "metadata": {},
   "source": [
    "#### Matriz de covariância setosa (S1)"
   ]
  },
  {
   "cell_type": "code",
   "execution_count": 13,
   "metadata": {
    "ExecuteTime": {
     "end_time": "2020-10-22T04:41:53.307984Z",
     "start_time": "2020-10-22T04:41:53.249142Z"
    }
   },
   "outputs": [
    {
     "data": {
      "text/plain": [
       "[array([[ 0.008836,  0.006768, -0.005828, -0.004324],\n",
       "        [ 0.006768,  0.005184, -0.004464, -0.003312],\n",
       "        [-0.005828, -0.004464,  0.003844,  0.002852],\n",
       "        [-0.004324, -0.003312,  0.002852,  0.002116]]),\n",
       " array([[0.011236, 0.045368, 0.006572, 0.004876],\n",
       "        [0.045368, 0.183184, 0.026536, 0.019688],\n",
       "        [0.006572, 0.026536, 0.003844, 0.002852],\n",
       "        [0.004876, 0.019688, 0.002852, 0.002116]]),\n",
       " array([[0.093636, 0.069768, 0.049572, 0.014076],\n",
       "        [0.069768, 0.051984, 0.036936, 0.010488],\n",
       "        [0.049572, 0.036936, 0.026244, 0.007452],\n",
       "        [0.014076, 0.010488, 0.007452, 0.002116]]),\n",
       " array([[ 0.164836,  0.133168, -0.015428,  0.018676],\n",
       "        [ 0.133168,  0.107584, -0.012464,  0.015088],\n",
       "        [-0.015428, -0.012464,  0.001444, -0.001748],\n",
       "        [ 0.018676,  0.015088, -0.001748,  0.002116]]),\n",
       " array([[ 3.6000e-05, -1.0320e-03,  3.7200e-04,  2.7600e-04],\n",
       "        [-1.0320e-03,  2.9584e-02, -1.0664e-02, -7.9120e-03],\n",
       "        [ 3.7200e-04, -1.0664e-02,  3.8440e-03,  2.8520e-03],\n",
       "        [ 2.7600e-04, -7.9120e-03,  2.8520e-03,  2.1160e-03]]),\n",
       " array([[0.155236, 0.185968, 0.093772, 0.060676],\n",
       "        [0.185968, 0.222784, 0.112336, 0.072688],\n",
       "        [0.093772, 0.112336, 0.056644, 0.036652],\n",
       "        [0.060676, 0.072688, 0.036652, 0.023716]]),\n",
       " array([[ 0.164836,  0.011368,  0.025172, -0.021924],\n",
       "        [ 0.011368,  0.000784,  0.001736, -0.001512],\n",
       "        [ 0.025172,  0.001736,  0.003844, -0.003348],\n",
       "        [-0.021924, -0.001512, -0.003348,  0.002916]]),\n",
       " array([[ 3.600e-05,  1.680e-04, -2.280e-04,  2.760e-04],\n",
       "        [ 1.680e-04,  7.840e-04, -1.064e-03,  1.288e-03],\n",
       "        [-2.280e-04, -1.064e-03,  1.444e-03, -1.748e-03],\n",
       "        [ 2.760e-04,  1.288e-03, -1.748e-03,  2.116e-03]]),\n",
       " array([[0.367236, 0.319968, 0.037572, 0.027876],\n",
       "        [0.319968, 0.278784, 0.032736, 0.024288],\n",
       "        [0.037572, 0.032736, 0.003844, 0.002852],\n",
       "        [0.027876, 0.024288, 0.002852, 0.002116]]),\n",
       " array([[ 0.011236,  0.034768, -0.004028,  0.015476],\n",
       "        [ 0.034768,  0.107584, -0.012464,  0.047888],\n",
       "        [-0.004028, -0.012464,  0.001444, -0.005548],\n",
       "        [ 0.015476,  0.047888, -0.005548,  0.021316]]),\n",
       " array([[ 0.155236,  0.107168,  0.014972, -0.018124],\n",
       "        [ 0.107168,  0.073984,  0.010336, -0.012512],\n",
       "        [ 0.014972,  0.010336,  0.001444, -0.001748],\n",
       "        [-0.018124, -0.012512, -0.001748,  0.002116]]),\n",
       " array([[ 0.042436,  0.005768, -0.028428,  0.009476],\n",
       "        [ 0.005768,  0.000784, -0.003864,  0.001288],\n",
       "        [-0.028428, -0.003864,  0.019044, -0.006348],\n",
       "        [ 0.009476,  0.001288, -0.006348,  0.002116]]),\n",
       " array([[0.042436, 0.088168, 0.012772, 0.030076],\n",
       "        [0.088168, 0.183184, 0.026536, 0.062488],\n",
       "        [0.012772, 0.026536, 0.003844, 0.009052],\n",
       "        [0.030076, 0.062488, 0.009052, 0.021316]]),\n",
       " array([[0.498436, 0.302168, 0.255572, 0.103076],\n",
       "        [0.302168, 0.183184, 0.154936, 0.062488],\n",
       "        [0.255572, 0.154936, 0.131044, 0.052852],\n",
       "        [0.103076, 0.062488, 0.052852, 0.021316]]),\n",
       " array([[ 0.630436,  0.454168, -0.208028, -0.036524],\n",
       "        [ 0.454168,  0.327184, -0.149864, -0.026312],\n",
       "        [-0.208028, -0.149864,  0.068644,  0.012052],\n",
       "        [-0.036524, -0.026312,  0.012052,  0.002116]]),\n",
       " array([[0.481636, 0.674568, 0.026372, 0.106876],\n",
       "        [0.674568, 0.944784, 0.036936, 0.149688],\n",
       "        [0.026372, 0.036936, 0.001444, 0.005852],\n",
       "        [0.106876, 0.149688, 0.005852, 0.023716]]),\n",
       " array([[ 0.155236,  0.185968, -0.063828,  0.060676],\n",
       "        [ 0.185968,  0.222784, -0.076464,  0.072688],\n",
       "        [-0.063828, -0.076464,  0.026244, -0.024948],\n",
       "        [ 0.060676,  0.072688, -0.024948,  0.023716]]),\n",
       " array([[ 0.008836,  0.006768, -0.005828,  0.005076],\n",
       "        [ 0.006768,  0.005184, -0.004464,  0.003888],\n",
       "        [-0.005828, -0.004464,  0.003844, -0.003348],\n",
       "        [ 0.005076,  0.003888, -0.003348,  0.002916]]),\n",
       " array([[0.481636, 0.258168, 0.165172, 0.037476],\n",
       "        [0.258168, 0.138384, 0.088536, 0.020088],\n",
       "        [0.165172, 0.088536, 0.056644, 0.012852],\n",
       "        [0.037476, 0.020088, 0.012852, 0.002916]]),\n",
       " array([[0.008836, 0.034968, 0.003572, 0.005076],\n",
       "        [0.034968, 0.138384, 0.014136, 0.020088],\n",
       "        [0.003572, 0.014136, 0.001444, 0.002052],\n",
       "        [0.005076, 0.020088, 0.002052, 0.002916]]),\n",
       " array([[ 0.155236, -0.011032,  0.093772, -0.018124],\n",
       "        [-0.011032,  0.000784, -0.006664,  0.001288],\n",
       "        [ 0.093772, -0.006664,  0.056644, -0.010948],\n",
       "        [-0.018124,  0.001288, -0.010948,  0.002116]]),\n",
       " array([[0.008836, 0.025568, 0.003572, 0.014476],\n",
       "        [0.025568, 0.073984, 0.010336, 0.041888],\n",
       "        [0.003572, 0.010336, 0.001444, 0.005852],\n",
       "        [0.014476, 0.041888, 0.005852, 0.023716]]),\n",
       " array([[ 0.164836, -0.069832,  0.187572,  0.018676],\n",
       "        [-0.069832,  0.029584, -0.079464, -0.007912],\n",
       "        [ 0.187572, -0.079464,  0.213444,  0.021252],\n",
       "        [ 0.018676, -0.007912,  0.021252,  0.002116]]),\n",
       " array([[ 0.008836, -0.012032,  0.022372,  0.023876],\n",
       "        [-0.012032,  0.016384, -0.030464, -0.032512],\n",
       "        [ 0.022372, -0.030464,  0.056644,  0.060452],\n",
       "        [ 0.023876, -0.032512,  0.060452,  0.064516]]),\n",
       " array([[ 0.042436,  0.005768, -0.090228,  0.009476],\n",
       "        [ 0.005768,  0.000784, -0.012264,  0.001288],\n",
       "        [-0.090228, -0.012264,  0.191844, -0.020148],\n",
       "        [ 0.009476,  0.001288, -0.020148,  0.002116]]),\n",
       " array([[ 3.60000e-05,  2.56800e-03, -8.28000e-04,  2.76000e-04],\n",
       "        [ 2.56800e-03,  1.83184e-01, -5.90640e-02,  1.96880e-02],\n",
       "        [-8.28000e-04, -5.90640e-02,  1.90440e-02, -6.34800e-03],\n",
       "        [ 2.76000e-04,  1.96880e-02, -6.34800e-03,  2.11600e-03]]),\n",
       " array([[ 3.6000e-05,  1.6800e-04, -8.2800e-04, -9.2400e-04],\n",
       "        [ 1.6800e-04,  7.8400e-04, -3.8640e-03, -4.3120e-03],\n",
       "        [-8.2800e-04, -3.8640e-03,  1.9044e-02,  2.1252e-02],\n",
       "        [-9.2400e-04, -4.3120e-03,  2.1252e-02,  2.3716e-02]]),\n",
       " array([[ 0.037636,  0.013968,  0.007372, -0.008924],\n",
       "        [ 0.013968,  0.005184,  0.002736, -0.003312],\n",
       "        [ 0.007372,  0.002736,  0.001444, -0.001748],\n",
       "        [-0.008924, -0.003312, -0.001748,  0.002116]]),\n",
       " array([[ 0.037636, -0.005432, -0.012028, -0.008924],\n",
       "        [-0.005432,  0.000784,  0.001736,  0.001288],\n",
       "        [-0.012028,  0.001736,  0.003844,  0.002852],\n",
       "        [-0.008924,  0.001288,  0.002852,  0.002116]]),\n",
       " array([[ 0.093636,  0.069768, -0.042228,  0.014076],\n",
       "        [ 0.069768,  0.051984, -0.031464,  0.010488],\n",
       "        [-0.042228, -0.031464,  0.019044, -0.006348],\n",
       "        [ 0.014076,  0.010488, -0.006348,  0.002116]]),\n",
       " array([[ 0.042436,  0.067568, -0.028428,  0.009476],\n",
       "        [ 0.067568,  0.107584, -0.045264,  0.015088],\n",
       "        [-0.028428, -0.045264,  0.019044, -0.006348],\n",
       "        [ 0.009476,  0.015088, -0.006348,  0.002116]]),\n",
       " array([[ 0.155236, -0.011032,  0.014972,  0.060676],\n",
       "        [-0.011032,  0.000784, -0.001064, -0.004312],\n",
       "        [ 0.014972, -0.001064,  0.001444,  0.005852],\n",
       "        [ 0.060676, -0.004312,  0.005852,  0.023716]]),\n",
       " array([[ 0.037636,  0.130368,  0.007372, -0.028324],\n",
       "        [ 0.130368,  0.451584,  0.025536, -0.098112],\n",
       "        [ 0.007372,  0.025536,  0.001444, -0.005548],\n",
       "        [-0.028324, -0.098112, -0.005548,  0.021316]]),\n",
       " array([[ 0.244036,  0.381368, -0.030628, -0.022724],\n",
       "        [ 0.381368,  0.595984, -0.047864, -0.035512],\n",
       "        [-0.030628, -0.047864,  0.003844,  0.002852],\n",
       "        [-0.022724, -0.035512,  0.002852,  0.002116]]),\n",
       " array([[ 0.011236,  0.034768, -0.004028,  0.004876],\n",
       "        [ 0.034768,  0.107584, -0.012464,  0.015088],\n",
       "        [-0.004028, -0.012464,  0.001444, -0.001748],\n",
       "        [ 0.004876,  0.015088, -0.001748,  0.002116]]),\n",
       " array([[3.6000e-05, 1.3680e-03, 1.5720e-03, 2.7600e-04],\n",
       "        [1.3680e-03, 5.1984e-02, 5.9736e-02, 1.0488e-02],\n",
       "        [1.5720e-03, 5.9736e-02, 6.8644e-02, 1.2052e-02],\n",
       "        [2.7600e-04, 1.0488e-02, 1.2052e-02, 2.1160e-03]]),\n",
       " array([[ 0.244036,  0.035568, -0.080028, -0.022724],\n",
       "        [ 0.035568,  0.005184, -0.011664, -0.003312],\n",
       "        [-0.080028, -0.011664,  0.026244,  0.007452],\n",
       "        [-0.022724, -0.003312,  0.007452,  0.002116]]),\n",
       " array([[ 0.011236, -0.018232,  0.006572,  0.015476],\n",
       "        [-0.018232,  0.029584, -0.010664, -0.025112],\n",
       "        [ 0.006572, -0.010664,  0.003844,  0.009052],\n",
       "        [ 0.015476, -0.025112,  0.009052,  0.021316]]),\n",
       " array([[0.367236, 0.259368, 0.098172, 0.027876],\n",
       "        [0.259368, 0.183184, 0.069336, 0.019688],\n",
       "        [0.098172, 0.069336, 0.026244, 0.007452],\n",
       "        [0.027876, 0.019688, 0.007452, 0.002116]]),\n",
       " array([[ 0.008836, -0.002632,  0.003572, -0.004324],\n",
       "        [-0.002632,  0.000784, -0.001064,  0.001288],\n",
       "        [ 0.003572, -0.001064,  0.001444, -0.001748],\n",
       "        [-0.004324,  0.001288, -0.001748,  0.002116]]),\n",
       " array([[ 3.6000e-05, -4.3200e-04,  9.7200e-04, -3.2400e-04],\n",
       "        [-4.3200e-04,  5.1840e-03, -1.1664e-02,  3.8880e-03],\n",
       "        [ 9.7200e-04, -1.1664e-02,  2.6244e-02, -8.7480e-03],\n",
       "        [-3.2400e-04,  3.8880e-03, -8.7480e-03,  2.9160e-03]]),\n",
       " array([[ 0.256036,  0.570768,  0.081972, -0.027324],\n",
       "        [ 0.570768,  1.272384,  0.182736, -0.060912],\n",
       "        [ 0.081972,  0.182736,  0.026244, -0.008748],\n",
       "        [-0.027324, -0.060912, -0.008748,  0.002916]]),\n",
       " array([[0.367236, 0.138168, 0.098172, 0.027876],\n",
       "        [0.138168, 0.051984, 0.036936, 0.010488],\n",
       "        [0.098172, 0.036936, 0.026244, 0.007452],\n",
       "        [0.027876, 0.010488, 0.007452, 0.002116]]),\n",
       " array([[ 3.60000e-05, -4.32000e-04, -8.28000e-04, -2.12400e-03],\n",
       "        [-4.32000e-04,  5.18400e-03,  9.93600e-03,  2.54880e-02],\n",
       "        [-8.28000e-04,  9.93600e-03,  1.90440e-02,  4.88520e-02],\n",
       "        [-2.12400e-03,  2.54880e-02,  4.88520e-02,  1.25316e-01]]),\n",
       " array([[0.008836, 0.034968, 0.041172, 0.014476],\n",
       "        [0.034968, 0.138384, 0.162936, 0.057288],\n",
       "        [0.041172, 0.162936, 0.191844, 0.067452],\n",
       "        [0.014476, 0.057288, 0.067452, 0.023716]]),\n",
       " array([[ 0.042436,  0.088168,  0.012772, -0.011124],\n",
       "        [ 0.088168,  0.183184,  0.026536, -0.023112],\n",
       "        [ 0.012772,  0.026536,  0.003844, -0.003348],\n",
       "        [-0.011124, -0.023112, -0.003348,  0.002916]]),\n",
       " array([[ 0.008836,  0.034968,  0.012972, -0.004324],\n",
       "        [ 0.034968,  0.138384,  0.051336, -0.017112],\n",
       "        [ 0.012972,  0.051336,  0.019044, -0.006348],\n",
       "        [-0.004324, -0.017112, -0.006348,  0.002116]]),\n",
       " array([[0.164836, 0.092568, 0.025172, 0.018676],\n",
       "        [0.092568, 0.051984, 0.014136, 0.010488],\n",
       "        [0.025172, 0.014136, 0.003844, 0.002852],\n",
       "        [0.018676, 0.010488, 0.002852, 0.002116]]),\n",
       " array([[ 0.086436,  0.079968,  0.011172, -0.013524],\n",
       "        [ 0.079968,  0.073984,  0.010336, -0.012512],\n",
       "        [ 0.011172,  0.010336,  0.001444, -0.001748],\n",
       "        [-0.013524, -0.012512, -0.001748,  0.002116]]),\n",
       " array([[3.6000e-05, 7.6800e-04, 3.7200e-04, 2.7600e-04],\n",
       "        [7.6800e-04, 1.6384e-02, 7.9360e-03, 5.8880e-03],\n",
       "        [3.7200e-04, 7.9360e-03, 3.8440e-03, 2.8520e-03],\n",
       "        [2.7600e-04, 5.8880e-03, 2.8520e-03, 2.1160e-03]])]"
      ]
     },
     "execution_count": 13,
     "metadata": {},
     "output_type": "execute_result"
    }
   ],
   "source": [
    "to_sum_1_class=[]\n",
    "for i in range(len(setosa)):\n",
    "    z = [[list(setosa[i])[0] - mean_setosa[0]], [list(setosa[i])[1] - mean_setosa[1]], [list(setosa[i])[2] - mean_setosa[2]],[list(setosa[i])[3] - mean_setosa[3]]] \n",
    "    z=np.array(z)\n",
    "    z2 = z.transpose()\n",
    "    resp = np.matmul(z,z2)\n",
    "    to_sum_1_class.append(resp)\n",
    "to_sum_1_class"
   ]
  },
  {
   "cell_type": "code",
   "execution_count": 14,
   "metadata": {
    "ExecuteTime": {
     "end_time": "2020-10-22T04:41:53.339897Z",
     "start_time": "2020-10-22T04:41:53.310977Z"
    }
   },
   "outputs": [
    {
     "data": {
      "text/plain": [
       "[[6.088199999999996,\n",
       "  4.8615999999999975,\n",
       "  0.8013999999999997,\n",
       "  0.5061999999999995],\n",
       " [4.8615999999999975,\n",
       "  7.040799999999999,\n",
       "  0.5731999999999995,\n",
       "  0.45560000000000017],\n",
       " [0.8013999999999997, 0.5731999999999995, 1.4778000000000004, 0.2974],\n",
       " [0.5061999999999995, 0.45560000000000017, 0.2974, 0.5442000000000004]]"
      ]
     },
     "execution_count": 14,
     "metadata": {},
     "output_type": "execute_result"
    }
   ],
   "source": [
    "#Matriz de covariância da 1ª classe - setosa (S1)\n",
    "\n",
    "#Normalizar a matriz: dividir por (len(setosa)-1)\n",
    "\n",
    "somita=[]\n",
    "for j in range(len(setosa[0])):\n",
    "    soma=0\n",
    "    for i in range(len(setosa)):\n",
    "        soma=(soma+to_sum_1_class[i][0][j])\n",
    "    somita.append(soma)\n",
    "somita\n",
    "\n",
    "somita1=[]\n",
    "for j in range(len(setosa[0])):\n",
    "    soma=0\n",
    "    for i in range(len(setosa)):\n",
    "        soma=(soma+to_sum_1_class[i][1][j])\n",
    "    somita1.append(soma)\n",
    "somita1\n",
    "\n",
    "somita2=[]\n",
    "for j in range(len(setosa[0])):\n",
    "    soma=0\n",
    "    for i in range(len(setosa)):\n",
    "        soma=(soma+to_sum_1_class[i][2][j])\n",
    "    somita2.append(soma)\n",
    "somita2\n",
    "\n",
    "somita3=[]\n",
    "for j in range(len(setosa[0])):\n",
    "    soma=0\n",
    "    for i in range(len(setosa)):\n",
    "        soma=(soma+to_sum_1_class[i][3][j])\n",
    "    somita3.append(soma)\n",
    "somita3\n",
    "\n",
    "S1 = [somita,somita1,somita2,somita3]\n",
    "S1"
   ]
  },
  {
   "cell_type": "markdown",
   "metadata": {},
   "source": [
    "#### Matriz de covariância versicolor (S2)"
   ]
  },
  {
   "cell_type": "code",
   "execution_count": 15,
   "metadata": {
    "ExecuteTime": {
     "end_time": "2020-10-22T04:41:53.417690Z",
     "start_time": "2020-10-22T04:41:53.342890Z"
    }
   },
   "outputs": [
    {
     "data": {
      "text/plain": [
       "[array([[1.132096, 0.45752 , 0.46816 , 0.078736],\n",
       "        [0.45752 , 0.1849  , 0.1892  , 0.03182 ],\n",
       "        [0.46816 , 0.1892  , 0.1936  , 0.03256 ],\n",
       "        [0.078736, 0.03182 , 0.03256 , 0.005476]]),\n",
       " array([[0.215296, 0.19952 , 0.11136 , 0.080736],\n",
       "        [0.19952 , 0.1849  , 0.1032  , 0.07482 ],\n",
       "        [0.11136 , 0.1032  , 0.0576  , 0.04176 ],\n",
       "        [0.080736, 0.07482 , 0.04176 , 0.030276]]),\n",
       " array([[0.929296, 0.31812 , 0.61696 , 0.167736],\n",
       "        [0.31812 , 0.1089  , 0.2112  , 0.05742 ],\n",
       "        [0.61696 , 0.2112  , 0.4096  , 0.11136 ],\n",
       "        [0.167736, 0.05742 , 0.11136 , 0.030276]]),\n",
       " array([[0.190096, 0.20492 , 0.11336 , 0.011336],\n",
       "        [0.20492 , 0.2209  , 0.1222  , 0.01222 ],\n",
       "        [0.11336 , 0.1222  , 0.0676  , 0.00676 ],\n",
       "        [0.011336, 0.01222 , 0.00676 , 0.000676]]),\n",
       " array([[0.318096, 0.01692 , 0.19176 , 0.098136],\n",
       "        [0.01692 , 0.0009  , 0.0102  , 0.00522 ],\n",
       "        [0.19176 , 0.0102  , 0.1156  , 0.05916 ],\n",
       "        [0.098136, 0.00522 , 0.05916 , 0.030276]]),\n",
       " array([[ 0.055696, -0.00708 , -0.05664 ,  0.006136],\n",
       "        [-0.00708 ,  0.0009  ,  0.0072  , -0.00078 ],\n",
       "        [-0.05664 ,  0.0072  ,  0.0576  , -0.00624 ],\n",
       "        [ 0.006136, -0.00078 , -0.00624 ,  0.000676]]),\n",
       " array([[0.132496, 0.19292 , 0.16016 , 0.099736],\n",
       "        [0.19292 , 0.2809  , 0.2332  , 0.14522 ],\n",
       "        [0.16016 , 0.2332  , 0.1936  , 0.12056 ],\n",
       "        [0.099736, 0.14522 , 0.12056 , 0.075076]]),\n",
       " array([[1.073296, 0.38332 , 0.99456 , 0.337736],\n",
       "        [0.38332 , 0.1369  , 0.3552  , 0.12062 ],\n",
       "        [0.99456 , 0.3552  , 0.9216  , 0.31296 ],\n",
       "        [0.337736, 0.12062 , 0.31296 , 0.106276]]),\n",
       " array([[ 0.440896,  0.08632 ,  0.22576 , -0.017264],\n",
       "        [ 0.08632 ,  0.0169  ,  0.0442  , -0.00338 ],\n",
       "        [ 0.22576 ,  0.0442  ,  0.1156  , -0.00884 ],\n",
       "        [-0.017264, -0.00338 , -0.00884 ,  0.000676]]),\n",
       " array([[ 0.541696,  0.05152 ,  0.26496 , -0.054464],\n",
       "        [ 0.05152 ,  0.0049  ,  0.0252  , -0.00518 ],\n",
       "        [ 0.26496 ,  0.0252  ,  0.1296  , -0.02664 ],\n",
       "        [-0.054464, -0.00518 , -0.02664 ,  0.005476]]),\n",
       " array([[0.876096, 0.72072 , 0.71136 , 0.305136],\n",
       "        [0.72072 , 0.5929  , 0.5852  , 0.25102 ],\n",
       "        [0.71136 , 0.5852  , 0.5776  , 0.24776 ],\n",
       "        [0.305136, 0.25102 , 0.24776 , 0.106276]]),\n",
       " array([[ 0.001296, -0.00828 ,  0.00216 , -0.006264],\n",
       "        [-0.00828 ,  0.0529  , -0.0138  ,  0.04002 ],\n",
       "        [ 0.00216 , -0.0138  ,  0.0036  , -0.01044 ],\n",
       "        [-0.006264,  0.04002 , -0.01044 ,  0.030276]]),\n",
       " array([[ 0.004096, -0.03648 , -0.01664 , -0.020864],\n",
       "        [-0.03648 ,  0.3249  ,  0.1482  ,  0.18582 ],\n",
       "        [-0.01664 ,  0.1482  ,  0.0676  ,  0.08476 ],\n",
       "        [-0.020864,  0.18582 ,  0.08476 ,  0.106276]]),\n",
       " array([[0.026896, 0.02132 , 0.07216 , 0.012136],\n",
       "        [0.02132 , 0.0169  , 0.0572  , 0.00962 ],\n",
       "        [0.07216 , 0.0572  , 0.1936  , 0.03256 ],\n",
       "        [0.012136, 0.00962 , 0.03256 , 0.005476]]),\n",
       " array([[ 0.112896, -0.04368 ,  0.22176 ,  0.008736],\n",
       "        [-0.04368 ,  0.0169  , -0.0858  , -0.00338 ],\n",
       "        [ 0.22176 , -0.0858  ,  0.4356  ,  0.01716 ],\n",
       "        [ 0.008736, -0.00338 ,  0.01716 ,  0.000676]]),\n",
       " array([[0.583696, 0.25212 , 0.10696 , 0.056536],\n",
       "        [0.25212 , 0.1089  , 0.0462  , 0.02442 ],\n",
       "        [0.10696 , 0.0462  , 0.0196  , 0.01036 ],\n",
       "        [0.056536, 0.02442 , 0.01036 , 0.005476]]),\n",
       " array([[ 0.112896, -0.07728 , -0.08064 , -0.058464],\n",
       "        [-0.07728 ,  0.0529  ,  0.0552  ,  0.04002 ],\n",
       "        [-0.08064 ,  0.0552  ,  0.0576  ,  0.04176 ],\n",
       "        [-0.058464,  0.04002 ,  0.04176 ,  0.030276]]),\n",
       " array([[0.018496, 0.00952 , 0.02176 , 0.044336],\n",
       "        [0.00952 , 0.0049  , 0.0112  , 0.02282 ],\n",
       "        [0.02176 , 0.0112  , 0.0256  , 0.05216 ],\n",
       "        [0.044336, 0.02282 , 0.05216 , 0.106276]]),\n",
       " array([[ 0.069696, -0.15048 ,  0.06336 ,  0.045936],\n",
       "        [-0.15048 ,  0.3249  , -0.1368  , -0.09918 ],\n",
       "        [ 0.06336 , -0.1368  ,  0.0576  ,  0.04176 ],\n",
       "        [ 0.045936, -0.09918 ,  0.04176 ,  0.030276]]),\n",
       " array([[0.112896, 0.09072 , 0.12096 , 0.075936],\n",
       "        [0.09072 , 0.0729  , 0.0972  , 0.06102 ],\n",
       "        [0.12096 , 0.0972  , 0.1296  , 0.08136 ],\n",
       "        [0.075936, 0.06102 , 0.08136 , 0.051076]]),\n",
       " array([[ 0.001296, -0.01548 , -0.01944 , -0.017064],\n",
       "        [-0.01548 ,  0.1849  ,  0.2322  ,  0.20382 ],\n",
       "        [-0.01944 ,  0.2322  ,  0.2916  ,  0.25596 ],\n",
       "        [-0.017064,  0.20382 ,  0.25596 ,  0.224676]]),\n",
       " array([[ 0.026896,  0.00492 , -0.04264 , -0.004264],\n",
       "        [ 0.00492 ,  0.0009  , -0.0078  , -0.00078 ],\n",
       "        [-0.04264 , -0.0078  ,  0.0676  ,  0.00676 ],\n",
       "        [-0.004264, -0.00078 ,  0.00676 ,  0.000676]]),\n",
       " array([[ 0.132496, -0.09828 ,  0.23296 ,  0.063336],\n",
       "        [-0.09828 ,  0.0729  , -0.1728  , -0.04698 ],\n",
       "        [ 0.23296 , -0.1728  ,  0.4096  ,  0.11136 ],\n",
       "        [ 0.063336, -0.04698 ,  0.11136 ,  0.030276]]),\n",
       " array([[ 0.026896,  0.00492 ,  0.07216 , -0.020664],\n",
       "        [ 0.00492 ,  0.0009  ,  0.0132  , -0.00378 ],\n",
       "        [ 0.07216 ,  0.0132  ,  0.1936  , -0.05544 ],\n",
       "        [-0.020664, -0.00378 , -0.05544 ,  0.015876]]),\n",
       " array([[ 0.215296,  0.06032 ,  0.01856 , -0.012064],\n",
       "        [ 0.06032 ,  0.0169  ,  0.0052  , -0.00338 ],\n",
       "        [ 0.01856 ,  0.0052  ,  0.0016  , -0.00104 ],\n",
       "        [-0.012064, -0.00338 , -0.00104 ,  0.000676]]),\n",
